% This function creates the system of ODEs corresponding to the Hornberg
% 2005 signaling pathway model having as input:
%
%   t - The time points for the continuous simulation
%   y - The concentrations of the species

function [dydt] = systemOfODEsO1(t, y)

% Species concentration rate equations (for all 103 species)

dydt = [
     -(3e7*y(1)*y(2)-3.84e-003*y(3)) % y1
     
     -(3e7*y(1)*y(2)-3.84e-003*y(3))-(5.00e-004*y(2)-5.00e-003*y(6))+(2.17-0*y(2))% y2  
     
     +(3e7*y(1)*y(2)-3.84e-003*y(3))-2*(1.66e-005*y(3)*y(3)-1.00e-001*y(4))% y3	
     
     +(1.66e-005*y(3)*y(3)-1.00e-001*y(4))-(1*y(4)-1.00e-002*y(5))% y4  
     
     +(1*y(4)-1.00e-002*y(5))-(5.00e-004*y(5)-5.00e-003*y(8))-(1.66e-006*y(5)*y(14)-2.00e-001*y(15))% y5 
     
     +(5.00e-004*y(2)-5.00e-003*y(6))-(5.43e-002*y(6)*y(16)-1.10e-002*y(10))-(5.500000e-003*y(6)-0*y(86))% y6
     
     +(1.73e-007*y(23)*y(12)-1.66e-003*y(7))+(0*y(18)*y(9)-1.46e-002*y(7))% y7 
     
     +(5.00e-004*y(5)-5.00e-003*y(8))+(1*y(11)-0.01*y(8))-(1.66e-006*y(8)*y(14)-0.2*y(17))-(5.500000e-003*y(8)-0*y(87))% y8 
     
     -(0*y(18)*y(9)-1.46e-002*y(7))-(1.00e+004*y(9)-0*y(12))-(0*y(9)*y(19)-1.46e-002*y(88))-(0*y(9)*y(20)-1.46e-002*y(89))-(0*y(9)*y(21)-1.46e-002*y(90))-(0*y(9)*y(65)-1.46e-002*y(91))-(0*y(9)*y(66)-1.46e-002*y(92))-(0*y(9)*y(67)-1.46e-002*y(93))-(0*y(68)*y(9)-1.46e-002*y(94))% y9 
     
     +(5.43e-002*y(6)*y(16)-1.10e-002*y(10))-2*(1.66e-005*y(10)*y(10)-0.1*y(11))% y10	
     
     +(1.66e-005*y(10)*y(10)-0.1*y(11))-(1*y(11)-0.01*y(8))% y11
     
     -(1.73e-007*y(23)*y(12)-1.66e-003*y(7))+(1.00e+004*y(9)-0*y(12))-(1.73e-007*y(25)*y(12)-1.66e-003*y(88))-(1.73e-007*y(27)*y(12)-1.66e-003*y(89))-(1.73e-007*y(29)*y(12)-1.66e-003*y(90))-(1.73e-007*y(34)*y(12)-1.66e-003*y(91))-(1.73e-007*y(35)*y(12)-1.66e-003*y(92))-(1.73e-007*y(36)*y(12)-1.66e-003*y(93))-(1.73e-007*y(37)*y(12)-1.66e-003*y(94))% y12    
     
     +(6.700000e-004*y(16)-0*y(13))% y13 
     
     -(1.66e-006*y(5)*y(14)-2.00e-001*y(15))-(1.66e-006*y(8)*y(14)-0.2*y(17))% y14  
     
     +(1.66e-006*y(5)*y(14)-2.00e-001*y(15))-(1.66e-005*y(22)*y(15)-2.75e-001*y(23))-(3.50e-005*y(31)*y(15)-1.000000e-001*y(32))-(4.00e-007*y(15)*y(38)-1.000000e-001*y(35))-(7.50e-006*y(15)*y(30)-3.000000e-002*y(25))-(1.50e-006*y(15)*y(40)-3.000000e-001*y(33))-(1.50e-006*y(15)*y(39)-3.000000e-001*y(34))-(5.00e-004*y(15)-5.00e-003*y(17))% y15    
     
     -(5.43e-002*y(6)*y(16)-1.10e-002*y(10))-(6.700000e-004*y(16)-0*y(13))% y16 
     
     +(1.66e-006*y(8)*y(14)-0.2*y(17))-(1.66e-005*y(17)*y(22)-2.75e-001*y(18))-(3.50e-005*y(31)*y(17)-1.000000e-001*y(63))-(4.00e-007*y(17)*y(38)-1.000000e-001*y(66))-(7.50e-006*y(17)*y(30)-3.000000e-002*y(19))-(1.50e-006*y(17)*y(40)-3.000000e-001*y(64))-(1.50e-006*y(17)*y(39)-3.000000e-001*y(65))+(5.00e-004*y(15)-5.00e-003*y(17))-(5.500000e-003*y(17)-0*y(87))% y17   
     
     -(0*y(18)*y(9)-1.46e-002*y(7))+(5.00e-004*y(23)-5.00e-003*y(18))+(1.66e-005*y(17)*y(22)-2.75e-001*y(18))-(1.66e-005*y(24)*y(18)-6.000000e-002*y(19))-(5.500000e-003*y(18)-0*y(87))% y18     
     
     +(1.66e-005*y(24)*y(18)-6.000000e-002*y(19))-(2.50e-005*y(26)*y(19)-1.3*y(20))-(1.66e-007*y(69)*y(19)-5.000000e-001*y(20))-(3.50e-006*y(71)*y(19)-4.000000e-001*y(21))-(3.66e-007*y(19)*y(26)-2.300000e-002*y(21))+(7.50e-006*y(17)*y(30)-3.000000e-002*y(19))+(5.00e-004*y(25)-5.00e-003*y(19))-(0*y(9)*y(19)-1.46e-002*y(88))-(1.66e-007*y(83)*y(19)-2*y(96))-(5.500000e-003*y(19)-0*y(87))% y19     
     
     +(2.50e-005*y(26)*y(19)-1.3*y(20))+(1.66e-007*y(69)*y(19)-5.000000e-001*y(20))+(5.00e-004*y(27)-5.00e-003*y(20))-(0*y(9)*y(20)-1.46e-002*y(89))-(5.500000e-003*y(20)-0*y(87))% y20	 
     
     +(3.50e-006*y(71)*y(19)-4.000000e-001*y(21))+(3.66e-007*y(19)*y(26)-2.300000e-002*y(21))+(5.00e-004*y(29)-5.00e-003*y(21))-(0*y(9)*y(21)-1.46e-002*y(90))-(5.500000e-003*y(21)-0*y(87))% y21     
     
     -(1.66e-005*y(22)*y(15)-2.75e-001*y(23))-(1.66e-005*y(22)*y(33)-5.500000e-001*y(34))-(7.50e-006*y(24)*y(22)-1.500000e-003*y(30))-(1.66e-005*y(22)*y(40)-5.50e-001*y(39))-(1.66e-005*y(17)*y(22)-2.75e-001*y(18))-(1.66e-005*y(22)*y(64)-5.50e-001*y(65))% y22    
     
     -(1.73e-007*y(23)*y(12)-1.66e-003*y(7))-(5.00e-004*y(23)-5.00e-003*y(18))+(1.66e-005*y(22)*y(15)-2.75e-001*y(23))-(1.66e-005*y(24)*y(23)-6.000000e-002*y(25))% y23     
     
     -(1.66e-005*y(24)*y(23)-6.000000e-002*y(25))-(1.66e-005*y(24)*y(34)-2.140000e-002*y(35))-(7.50e-006*y(24)*y(22)-1.500000e-003*y(30))-(5.00e-005*y(24)*y(39)-6.400000e-002*y(38))-(1.66e-005*y(24)*y(18)-6.000000e-002*y(19))-(1.66e-005*y(24)*y(65)-2.140000e-002*y(66))-(1.66e-007*y(59)*y(24)-2*y(101))-(1.66e-007*y(83)*y(24)-2*y(102))% y24	 
     
     +(1.66e-005*y(24)*y(23)-6.000000e-002*y(25))-(2.50e-005*y(26)*y(25)-1.3*y(27))-(1.66e-007*y(28)*y(25)-5.000000e-001*y(27))-(3.50e-006*y(25)*y(43)-4.000000e-001*y(29))-(3.66e-007*y(25)*y(26)-2.300000e-002*y(29))+(7.50e-006*y(15)*y(30)-3.000000e-002*y(25))-(5.00e-004*y(25)-5.00e-003*y(19))-(1.73e-007*y(25)*y(12)-1.66e-003*y(88))-(1.66e-007*y(59)*y(25)-2*y(95))% y25	
     
     -(2.50e-005*y(26)*y(25)-1.3*y(27))-(3.66e-007*y(25)*y(26)-2.300000e-002*y(29))-(2.50e-005*y(26)*y(35)-1.3*y(36))-(3.66e-007*y(35)*y(26)-2.300000e-002*y(37))-(2.50e-005*y(26)*y(19)-1.3*y(20))-(3.66e-007*y(19)*y(26)-2.300000e-002*y(21))-(2.50e-005*y(26)*y(66)-1.3*y(67))-(3.66e-007*y(66)*y(26)-2.300000e-002*y(68))% y26	 
     
     +(2.50e-005*y(26)*y(25)-1.3*y(27))+(1.66e-007*y(28)*y(25)-5.000000e-001*y(27))-(5.00e-004*y(27)-5.00e-003*y(20))-(1.73e-007*y(27)*y(12)-1.66e-003*y(89))% y27	 
     
     -(1.66e-007*y(28)*y(25)-5.000000e-001*y(27))-(1.66e-007*y(35)*y(28)-5.000000e-001*y(36))-(1.66e-006*y(28)*y(41)-5.300000e-003*y(42))% y28   
     
     +(3.50e-006*y(25)*y(43)-4.000000e-001*y(29))+(3.66e-007*y(25)*y(26)-2.300000e-002*y(29))-(5.00e-004*y(29)-5.00e-003*y(21))-(1.73e-007*y(29)*y(12)-1.66e-003*y(90))% y29     
     
     -(3.50e-005*y(40)*y(30)-2.000000e-001*y(38))-(7.50e-006*y(15)*y(30)-3.000000e-002*y(25))+(7.50e-006*y(24)*y(22)-1.500000e-003*y(30))-(5.00e-005*y(30)*y(33)-4.290000e-002*y(35))-(7.50e-006*y(17)*y(30)-3.000000e-002*y(19))-(5.00e-005*y(30)*y(64)-4.290000e-002*y(66)) % y30
     
     -(3.50e-005*y(31)*y(15)-1.000000e-001*y(32))+(5.000000e-003*y(40)-0*y(31))-(3.50e-005*y(31)*y(17)-1.000000e-001*y(63))% y31    
     
     +(3.50e-005*y(31)*y(15)-1.000000e-001*y(32))-(6*y(32)-6.000000e-002*y(33))-(5.00e-004*y(32)-5.00e-003*y(63))% y32	 
     
     +(6*y(32)-6.000000e-002*y(33))-(1.66e-005*y(22)*y(33)-5.500000e-001*y(34))+(1.50e-006*y(15)*y(40)-3.000000e-001*y(33))-(5.00e-005*y(30)*y(33)-4.290000e-002*y(35))-(5.00e-004*y(33)-5.00e-003*y(64))% y33	 
     
     +(1.66e-005*y(22)*y(33)-5.500000e-001*y(34))-(1.66e-005*y(24)*y(34)-2.140000e-002*y(35))+(1.50e-006*y(15)*y(39)-3.000000e-001*y(34))-(5.00e-004*y(34)-5.00e-003*y(65))-(1.73e-007*y(34)*y(12)-1.66e-003*y(91))% y34	 
     
     +(1.66e-005*y(24)*y(34)-2.140000e-002*y(35))-(2.50e-005*y(26)*y(35)-1.3*y(36))-(1.66e-007*y(35)*y(28)-5.000000e-001*y(36))-(3.50e-006*y(35)*y(43)-4.000000e-001*y(37))-(3.66e-007*y(35)*y(26)-2.300000e-002*y(37))+(4.00e-007*y(15)*y(38)-1.000000e-001*y(35))+(5.00e-005*y(30)*y(33)-4.290000e-002*y(35))-(5.00e-004*y(35)-5.00e-003*y(66))-(1.73e-007*y(35)*y(12)-1.66e-003*y(92))-(1.66e-007*y(59)*y(35)-2*y(97))% y35	 
     
     +(2.50e-005*y(26)*y(35)-1.3*y(36))+(1.66e-007*y(35)*y(28)-5.000000e-001*y(36))-(5.00e-004*y(36)-5.00e-003*y(67))-(1.73e-007*y(36)*y(12)-1.66e-003*y(93))% y36	
     
     +(3.50e-006*y(35)*y(43)-4.000000e-001*y(37))+(3.66e-007*y(35)*y(26)-2.300000e-002*y(37))-(5.00e-004*y(37)-5.00e-003*y(68))-(1.73e-007*y(37)*y(12)-1.66e-003*y(94))% y37	 
     
     -(4.00e-007*y(15)*y(38)-1.000000e-001*y(35))+(3.50e-005*y(40)*y(30)-2.000000e-001*y(38))+(5.00e-005*y(24)*y(39)-6.400000e-002*y(38))-(4.00e-007*y(17)*y(38)-1.000000e-001*y(66))% y38    
     
