% This function creates the system of ODEs corresponding to the Hornberg
% 2005 signaling pathway model having as input:
%
%   t - The time points for the continuous simulation
%   y - The concentrations of the species

function [dydt] = systemOfODEs(t, y)

% Parameter values/Kinetic rates

k1=3e7;
kd1=3.84e-003;
k2=1.66e-005;
kd2=1.00e-001;
k3=1;
kd3=1.00e-002;
k4=1.73e-007;
kd4=1.66e-003;
kd5=1.46e-002;
k5=0;
k6=5.00e-004;
kd6=5.00e-003;
k7=5.00e-004;
kd7=5.00e-003;
k8=1.66e-006;
kd8=2.00e-001;
k9=5.00e-004;
kd9=5.00e-003;
k10b=5.43e-002;
kd10=1.10e-002;
k11=1.66e-005;
kd11=0.1;
k12=1;
kd12=0.01;
k13=2.17; %4.28e+004;
kd13=0;
k14=1.66e-006;
kd14=0.2;
k15=1.00e+004;
kd15=0;
k16=1.66e-005;
kd16=2.75e-001;
k17=1.66e-005;
kd17=6.000000e-002;
k18=2.50e-005;
kd18=1.3;%3.80e+04;
k19=1.66e-007;
kd19=5.000000e-001;
k20=3.50e-006;
kd20=4.000000e-001;
k21=3.66e-007;
kd21=2.300000e-002;
k22=3.50e-005;
kd22=1.000000e-001;
k23=6;
kd23=6.000000e-002;
k24=1.66e-005;
kd24=5.500000e-001;
k25=1.66e-005;
kd25=2.140000e-002;
k26=k18;
kd26=kd18;
k27=k19;
kd27=kd19;
k28=1.66e-006;
kd28=5.300000e-003;
k29=1.17e-006;%1.17e-002;
kd29=1;
k30=k20;
kd30=kd20;
k31=k21;
kd31=kd21;
k32=4.00e-007;
kd32=1.000000e-001;
k33=3.50e-005;
kd33=2.000000e-001;
k34=7.50e-006;
kd34 =3.000000e-002;
k35=7.50e-006;
kd35=1.500000e-003;
k36=5.000000e-003;
kd36=0;
k37=1.50e-006;
kd37=3.000000e-001;
k38=1.66e-005;
kd38=5.50e-001;
k39=k37;
kd39=kd37;
k40 = 5.00e-005;
kd40 = 6.400000e-002;
k41 = 5.00e-005;
kd41 = 4.290000e-002;
k42 = 1.18e-004;
kd42 = 2.000000e-001;
k43 = 0;
kd43 = 1;
k44 = 1.95e-005;%1.95e-001
kd44 = 3.300000e-002;
k45 = 0;
kd45 = 3.5;%3.81e+04;
k46 = k44;
kd46= 3.300000e-002;
k47 = 0;
kd47 = 2.9;%3.82e+04;
k48 = 2.38e-005;%2.38e-001;
kd48 = 8.000000e-001;
k49 = 0;
kd49 = 5.80e-002;
k50 = 4.500000e-007;
kd50 = 5.000000e-001;
k51 = 0;
kd51 = 5.80e-002;
k52 = 8.91e-005;%8.91e-001
kd52 = 1.83e-002;
k53 = 0;
kd53 = 16;
k54 = 8.91e-005;%8.91e-001
kd54 = 1.83e-002;
k55 = 0;
kd55 = 5.7;% 3.82e+04;
k56 = 2.35e-005;
kd56 = 6.000000e-001;
k57 = 0;
kd57 = 2.46e-001;
k58 = 8.33e-006;%8.33e-002;
kd58 = 5.000000e-001;
k59 = 0;
kd59 = 2.46e-001;
k60 = 5.500000e-003;
kd60 = 0;
k61 = 6.700000e-004;
kd61 = 0;
k62 = 5.500000e-003;
kd62 = 0;
k63 = 1.66e-005;
kd63 = 2.75e-001;
k64 = k17;
kd64 = kd17;
k65 = k18;
kd65 = kd18;
k66 = k19;
kd66 = kd19;
k67 = k20;
kd67 = kd20;
k68 = k21;
kd68 = kd21;
k69 = k22;
kd69 = kd22;
k70 = k23;
kd70 = kd23;
k71 = 1.66e-005;
kd71 = 5.50e-001;
k72 = k25;
kd72 = kd25;
k73 = k18;
kd73 = kd18;
k74 = k19;
kd74 = kd19;
k75 = k28;
kd75 = kd28;
k76 = k29;
kd76 = kd29;
k77 = k20;
kd77 = kd20;
k78 = k21;
kd78 = kd21;
k79 = k32;
kd79 = kd32;
k80 = k34;
kd80 = kd34;
k81 = k37;
kd81 = kd37;
k82 = k37;
kd82 = kd37;
k83 = k41;
kd83 = kd41;
k84 = k42;
kd84 = kd42;
k85 = k43;
kd85 = kd43;
k86 = 1.95e-005;%1.95e-001;
kd86 = 3.30e-002;
k87 = k45;
kd87 = kd45;
k88 = 1.95e-005;%1.95e-001;
kd88 = 3.30e-002;
k89 = k47;
kd89 = kd47;
k90 = k48;
kd90 = kd48;
k91 = k49;
kd91 = kd49;
k92 = k50;
kd92 = kd50;
k93 = k49;
kd93 = kd49;
k94 = 8.91e-005;%8.91e-001;
kd94 = 1.83e-002;
k95 = k53;
kd95 = kd53;
k96 = 8.91e-005;%8.91e-001;
kd96 = 1.83e-002;
k97 = k55;
kd97 = kd55;
k98 = k56;
kd98 = kd56;
k99 = k57;
kd99 = kd57;
k100 = k58;
kd100 = kd58;
k101 = k57;
kd101 = kd57;
k102 = k6;
kd102 = kd6;
k103 = k6;
kd103 = kd6;
k104 = k6;
kd104 = kd6;
k105 = k6;
kd105 = kd6;
k106 = k4;
kd106 = kd4;
k107 = k5;
kd107 = kd5;
k108 = k6;
kd108 = kd6;
k109 = k4;
kd109 = kd4;
k110 = k5;
kd110 = kd5;
k111 = k6;
kd111 = kd6;
k112 = k4;
kd112 = kd4;
k113 = k5;
kd113 = kd5;
k114 = k6;
kd114 = kd6;
k115 = k4;
kd115 = kd4;
k116 = k5;
kd116 = kd5;
k117 = k6;
kd117 = kd6;
k118 = k4;
kd118 = kd4;
k119 = k5;
kd119 = kd5;
k120 = k6;
kd120 = kd6;
k121 = k4;
kd121 = kd4;
k122 = k5;
kd122 = kd5;
k123 = k6;
kd123= kd6;
k124 = k4;
kd124 = kd4;
k125 = k5;
kd125 = kd5;
k126 = 1.66e-007;
kd126 = 2;
k127 = k126;
kd127 = kd126;
k128 = k126;
kd128 = kd126;
k129 = k126;
kd129 = kd126;
k130 = k126;
kd130 = kd126;
k131 = k126;
kd131 = kd126;
k132 = k60;
kd132 = kd60;
k133 = k60;
kd133 = kd60;
k134 = k60;
kd134 = kd60;
k135 = k60;
kd135 = kd60;
k136 = k60;
kd136 = kd60;
k137 = k60;
kd137 = kd60;
k138 = k60;
kd138 = kd60;
k139 = k60;
kd139 = kd60;
k140 = k60;
kd140 = kd60;
k141 = k60;
kd141 = kd60;
k142 = k60;
kd142 = kd60;
k143 = 0;
kd143 = 1.000000e-004;
k144 = 0;
kd144 = 1.000000e-004;
k145 = 0;
kd145 = 1.000000e-004;
k146 = 0;
kd146 = 1.000000e-004;
k147 = 0;
kd147 = 1.000000e-004;
k148 = 0;
kd148 = 1.000000e-004;

% Species concentration rate equations (for all 103 species)

